name: agat_win_cpu
channels:
  - defaults
dependencies:
  - blas=1.0=mkl
  - brotli-python=1.0.9=py312h5da7b33_9
  - bzip2=1.0.8=h2bbff1b_6
  - ca-certificates=2025.9.9=haa95532_0
  - cairo=1.18.4=he9e932c_0
  - certifi=2025.8.3=py312haa95532_0
  - expat=2.7.1=h8ddb27b_0
  - fontconfig=2.14.1=hb33846d_3
  - freetype=2.13.3=h0620614_0
  - graphite2=1.3.14=hd77b12b_1
  - harfbuzz=10.2.0=he2f9f60_1
  - icu=73.1=h6c2663c_0
  - jpeg=9f=ha349fce_0
  - lcms2=2.16=hb4a4139_0
  - lerc=3.0=hd77b12b_0
  - libdeflate=1.17=h2bbff1b_1
  - libffi=3.4.4=hd77b12b_1
  - libglib=2.84.2=h405b238_0
  - libiconv=1.16=h2bbff1b_3
  - libkrb5=1.21.3=h885b0b7_4
  - libpng=1.6.39=h8cc25b3_0
  - libpq=17.4=h4a159e6_2
  - libtiff=4.5.1=hd77b12b_0
  - libwebp-base=1.3.2=h3d04722_1
  - libxml2=2.13.8=h866ff63_0
  - libzlib=1.3.1=h02ab6af_0
  - lz4-c=1.9.4=h2bbff1b_1
  - matplotlib=3.10.6=py312haa95532_0
  - matplotlib-base=3.10.6=py312h43afe63_0
  - mkl-service=2.4.0=py312h827c3e9_2
  - mkl_fft=1.3.11=py312h827c3e9_0
  - mkl_random=1.2.8=py312h0158946_0
  - mysql-common=9.3.0=hf582a5b_3
  - mysql-libs=9.3.0=hc0ebf12_3
  - numpy=2.0.1=py312hfd52020_1
  - numpy-base=2.0.1=py312h4dde369_1
  - openjpeg=2.5.2=hae555c5_0
  - openssl=3.0.17=h35632f6_0
  - packaging=25.0=py312haa95532_0
  - pcre2=10.42=h0ff8eda_1
  - pillow=11.1.0=py312h096bfcc_0
  - pip=25.2=pyhc872135_0
  - pixman=0.46.4=h4043f72_0
  - pyqt=6.9.1=py312h12ec796_0
  - pyqt6-sip=13.10.2=py312h630b2a1_0
  - python=3.12.11=h716150d_0
  - python-dateutil=2.9.0post0=py312haa95532_2
  - pyyaml=6.0.2=py312h827c3e9_0
  - qtbase=6.9.2=hd965823_0
  - qtdeclarative=6.9.2=h88b4c33_0
  - qtsvg=6.9.2=h30ace32_0
  - qttools=6.9.2=h7e7b719_0
  - qtwebchannel=6.9.2=heb02b0b_0
  - qtwebsockets=6.9.2=heb02b0b_0
  - setuptools=78.1.1=py312haa95532_0
  - sip=6.12.0=py312h706e071_0
  - six=1.17.0=py312haa95532_0
  - sqlite=3.50.2=hda9a48d_1
  - tk=8.6.15=hf199647_0
  - tornado=6.5.1=py312h827c3e9_0
  - ucrt=10.0.22621.0=haa95532_0
  - unicodedata2=15.1.0=py312h827c3e9_1
  - vc=14.3=h2df5915_10
  - vc14_runtime=14.44.35208=h4927774_10
  - vs2015_runtime=14.44.35208=ha6b5a95_10
  - wheel=0.45.1=py312haa95532_0
  - xz=5.6.4=h4754444_1
  - yaml=0.2.5=he774522_0
  - zlib=1.3.1=h02ab6af_0
  - zstd=1.5.7=h56299aa_0
  - pip:
      - annotated-types==0.7.0
      - ase==3.26.0
      - charset-normalizer==3.4.3
      - colorama==0.4.6
      - contourpy==1.3.3
      - cycler==0.12.1
      - dgl==2.2.1
      - filelock==3.19.1
      - fonttools==4.60.0
      - fsspec==2025.9.0
      - idna==3.10
      - intel-openmp==2021.4.0
      - jinja2==3.1.6
      - kiwisolver==1.4.9
      - markupsafe==3.0.2
      - mkl==2021.4.0
      - mpmath==1.3.0
      - networkx==3.5
      - pandas==2.3.2
      - psutil==7.1.0
      - pydantic==2.11.9
      - pydantic-core==2.33.2
      - pyparsing==3.2.4
      - pytz==2025.2
      - requests==2.32.5
      - scipy==1.16.2
      - sympy==1.14.0
      - tbb==2021.13.1
      - torch==2.3.0
      - torchdata==0.7.1
      - tqdm==4.67.1
      - typing-extensions==4.15.0
      - typing-inspection==0.4.1
      - tzdata==2025.2
      - urllib3==2.5.0
      - agat

